0 0.48984375 0.3859375 0.9171875 0.1140625
0 0.1 0.74921875 0.01875 0.184375
0 0.1328125 0.74921875 0.021875 0.1828125
0 0.22109375 0.7 0.0328125 0.2796875
0 0.27734375 0.69921875 0.0328125 0.2796875
0 0.36796875 0.696875 0.0296875 0.2828125
0 0.425 0.69921875 0.028125 0.2765625
0 0.5671875 0.746875 0.01875 0.175
0 0.60078125 0.746875 0.01875 0.178125
0 0.68984375 0.69921875 0.028125 0.2796875
0 0.74453125 0.696875 0.034375 0.275
0 0.8390625 0.6953125 0.0328125 0.2796875
0 0.896875 0.69765625 0.0328125 0.2796875