0 0.046875 0.7984375 0.053125 0.2796875
0 0.1109375 0.7984375 0.05 0.28125
0 0.17734375 0.79921875 0.059375 0.2765625
0 0.23984375 0.79921875 0.0578125 0.2796875
0 0.3078125 0.80078125 0.0578125 0.28125
0 0.37265625 0.79921875 0.05625 0.2796875
0 0.440625 0.79921875 0.05625 0.284375
0 0.54375 0.79375 0.059375 0.2875
0 0.61171875 0.79453125 0.05625 0.2890625
0 0.6765625 0.79609375 0.059375 0.2890625
0 0.74296875 0.7953125 0.0578125 0.2921875
0 0.8109375 0.79375 0.0609375 0.2921875
0 0.87734375 0.79453125 0.0625 0.290625
0 0.9484375 0.79453125 0.05625 0.290625