0 0.45390625 0.59453125 0.0296875 0.240625
0 0.1578125 0.61171875 0.0296875 0.2421875
0 0.4203125 0.615625 0.03125 0.1984375
0 0.48828125 0.5921875 0.0328125 0.2359375
0 0.3328125 0.6375 0.0296875 0.2015625
0 0.29296875 0.61875 0.028125 0.2453125
0 0.26015625 0.621875 0.0296875 0.2484375
0 0.38203125 0.5921875 0.034375 0.103125
0 0.23125 0.62578125 0.03125 0.284375
0 0.2 0.60078125 0.0328125 0.2875
0 0.29609375 0.86953125 0.03125 0.2125
0 0.328125 0.871875 0.0296875 0.2203125
0 0.3609375 0.87578125 0.03125 0.2203125
0 0.39140625 0.87578125 0.0265625 0.2234375
0 0.42109375 0.87109375 0.028125 0.2171875
0 0.453125 0.86796875 0.0359375 0.2421875
0 0.490625 0.8640625 0.0359375 0.2421875