0 0.41875 0.42578125 0.1765625 0.2375
0 0.41875 0.45625 0.16875 0.2296875
0 0.46953125 0.4109375 0.0609375 0.078125
0 0.41953125 0.48359375 0.065625 0.084375
0 0.38671875 0.559375 0.05 0.0609375
0 0.41640625 0.546875 0.109375 0.1203125
0 0.43515625 0.5640625 0.1234375 0.13125
0 0.45546875 0.56171875 0.171875 0.1734375
0 0.4796875 0.57265625 0.196875 0.1921875
0 0.49921875 0.56015625 0.15625 0.14375
0 0.52265625 0.5578125 0.0984375 0.0875
0 0.53359375 0.5296875 0.0953125 0.075
0 0.5546875 0.503125 0.115625 0.103125
0 0.55546875 0.48046875 0.159375 0.146875
0 0.5578125 0.46171875 0.1984375 0.1890625
0 0.55 0.44375 0.19375 0.1890625
0 0.55859375 0.42109375 0.1140625 0.1171875
0 0.5375 0.4125 0.11875 0.1265625
0 0.51328125 0.40078125 0.103125 0.1171875
0 0.5109375 0.3765625 0.059375 0.0734375