0 0.721875 0.54140625 0.071875 0.0921875
0 0.69921875 0.5359375 0.0890625 0.1109375
0 0.68125 0.553125 0.115625 0.1375
0 0.65625 0.559375 0.15625 0.1734375
0 0.6234375 0.5578125 0.184375 0.1953125
0 0.590625 0.56015625 0.203125 0.2015625
0 0.5578125 0.5515625 0.2078125 0.190625
0 0.5359375 0.52109375 0.2421875 0.2109375
0 0.52109375 0.4890625 0.2859375 0.2421875
0 0.48046875 0.49375 0.253125 0.209375
0 0.44921875 0.4796875 0.24375 0.190625
0 0.440625 0.44296875 0.2828125 0.2125
0 0.4015625 0.43125 0.24375 0.178125
0 0.3796875 0.4046875 0.240625 0.16875
0 0.37421875 0.3578125 0.28125 0.19375