0 0.56015625 0.5078125 0.0921875 0.109375
0 0.54375 0.52578125 0.0875 0.115625
0 0.52578125 0.54609375 0.071875 0.109375
0 0.503125 0.5453125 0.0765625 0.1421875
0 0.47734375 0.55390625 0.06875 0.1546875
0 0.45546875 0.55625 0.0421875 0.1265625
0 0.42890625 0.55078125 0.0390625 0.1203125
0 0.40390625 0.54765625 0.0375 0.125
0 0.4296875 0.41015625 0.0328125 0.1203125
0 0.44375 0.4171875 0.0296875 0.1078125
0 0.46015625 0.41875 0.0328125 0.1078125
0 0.475 0.4203125 0.0328125 0.1046875
0 0.48828125 0.41796875 0.040625 0.10625