0 0.484375 0.3125 0.053125 0.3578125
0 0.3828125 0.30703125 0.053125 0.3703125
0 0.28984375 0.346875 0.0421875 0.3015625
0 0.19921875 0.346875 0.0421875 0.3015625
0 0.11171875 0.39453125 0.0453125 0.2046875
0 0.0265625 0.3890625 0.0453125 0.2046875
0 0.590625 0.26953125 0.0625 0.45
0 0.69375 0.2640625 0.0640625 0.4609375
0 0.81328125 0.25 0.05625 0.4953125
0 0.9203125 0.246875 0.059375 0.49375
0 0.03515625 0.75546875 0.025 0.3359375
0 0.14140625 0.75859375 0.028125 0.3359375
0 0.2375 0.76171875 0.028125 0.325
0 0.3359375 0.76171875 0.03125 0.3296875
0 0.43359375 0.76171875 0.028125 0.325
0 0.5296875 0.76171875 0.03125 0.3296875
0 0.6296875 0.7640625 0.0421875 0.31875
0 0.72890625 0.7640625 0.03125 0.325
0 0.82890625 0.75859375 0.025 0.325
0 0.92109375 0.76171875 0.028125 0.31875