0 0.47421875 0.5 0.06875 0.0625
0 0.496875 0.4953125 0.103125 0.090625
0 0.4953125 0.47109375 0.078125 0.06875
0 0.4609375 0.48671875 0.0703125 0.0625
0 0.49140625 0.45 0.065625 0.059375
0 0.44921875 0.475 0.065625 0.059375
0 0.48984375 0.43359375 0.05 0.04375
0 0.434375 0.46796875 0.05625 0.0515625
0 0.48125 0.42421875 0.053125 0.046875
0 0.47578125 0.41171875 0.0453125 0.040625
0 0.46328125 0.4125 0.03125 0.0296875
0 0.47421875 0.3953125 0.0328125 0.03125
0 0.4109375 0.453125 0.0484375 0.04375
0 0.42421875 0.46015625 0.0515625 0.046875