0 0.1109375 0.14453125 0.0625 0.2140625
0 0.14921875 0.18203125 0.0890625 0.25
0 0.20703125 0.17109375 0.1375 0.29375
0 0.2640625 0.1890625 0.2125 0.346875
0 0.3265625 0.23359375 0.2796875 0.3640625
0 0.3953125 0.26875 0.3515625 0.334375
0 0.44921875 0.3265625 0.4 0.2765625
0 0.45546875 0.41328125 0.4984375 0.271875
0 0.44453125 0.4953125 0.6046875 0.2890625
0 0.53125 0.5375 0.5515625 0.23125
0 0.57578125 0.60234375 0.5609375 0.1734375
0 0.546875 0.68671875 0.6765625 0.1640625
0 0.6109375 0.7578125 0.6 0.115625
0 0.6203125 0.8375 0.609375 0.084375
0 0.5734375 0.9375 0.7203125 0.084375