0 0.643722427 0.8354107064 0.712555146 0.3063564705
0 0.6372425608 0.6589432442 0.7255148784 0.268390713
0 0.5915120198 0.5073764824 0.8169759604 0.2505174548
0 0.5813982733 0.3520716907 0.8194398903 0.242609917
0 0.5560415829 0.2072326564 0.8088574567 0.2321441595
0 0.5496897073 0.08781503854 0.8043794146 0.1756300771
0 0.2121885408 0.2107139601 0.2504479873 0.1263528387
0 0.2581338291 0.3539673696 0.2948532251 0.1396405277
0 0.2925681385 0.504023866 0.3329356588 0.1513871183
0 0.15588073 0.5674194708 0.127147141 0.1068973095
0 0.1520047807 0.4040324822 0.1241375115 0.09803087014
