0 0.6400278525 0.5339522974 0.1454563702 0.1611389077
0 0.869375 0.2258511408 0.26125 0.4517022815
0 0.5738829707 0.2478491812 0.4002659415 0.4956983624
0 0.2251845606 0.2704136885 0.3899762626 0.5408273769
0 0.02819645052 0.1623392827 0.0547341645 0.2803214346
0 0.1370337789 0.3581567293 0.2590437145 0.4822182866
0 0.4543730616 0.3245475595 0.2437818088 0.4741944751
0 0.7901190842 0.2603293206 0.2577381684 0.5206586412
0 0.3947103741 0.4079801076 0.2013373549 0.4027976443
0 0.7228790251 0.3977717301 0.1783849674 0.3533055779
0 0.9355972534 0.5070296373 0.1288054931 0.1562262097
0 0.987988126 0.4807776459 0.02402374796 0.1163968308
0 0.2812441319 0.6171924254 0.1374762097 0.147127002
0 0.3458572208 0.5680039244 0.1479563702 0.1612262097
0 0.1142500742 0.5479325269 0.1636984366 0.1830000212
0 0.07371436747 0.6056666596 0.1075198606 0.1473293789
0 0.05607945835 0.6920119005 0.04747222693 0.03661508559
0 0.2251766747 0.6423035442 0.1574484366 0.1827817664
0 0.1743135858 0.6910118846 0.1456309741 0.1661389077
0 0.1289584305 0.7182519702 0.1206150962 0.1290595395
0 0.5575953204 0.5925237374 0.1517063702 0.1613571625
0 0.4233612035 0.6729285177 0.1310357279 0.1057023981
0 0.4825457218 0.629561446 0.1331150962 0.1294960491
0 0.356480256 0.7109324951 0.1271111241 0.1005714452
0 0.6777500901 0.6465237215 0.1301071625 0.1506150962
0 0.6110655718 0.6901526989 0.1354404923 0.124583351
0 0.7543552454 0.6181923618 0.138377002 0.1371706529
0 0.8382778578 0.5664522709 0.1455873231 0.1648889077
0 0.8567917603 0.6665534594 0.1337539827 0.1120397
0 0.9381468652 0.6223133685 0.1237062696 0.1293650962
0 0.9879325799 0.6058649478 0.02413484023 0.08657143463
