0 0.2287427277 0.07915594521 0.4574854554 0.1533118904
0 0.2334809254 0.2011764304 0.4669618507 0.2173528607
0 0.2436804966 0.3489855863 0.4873609931 0.2204711726
0 0.2469977955 0.4978447001 0.4939955909 0.2206894003
0 0.2543543191 0.6556356704 0.5062290165 0.2259439993
0 0.2703784614 0.8023766828 0.5150226503 0.2336985983
0 0.2852689604 0.9210796411 0.5196735805 0.1578407179
0 0.7065764195 0.1793361475 0.537515378 0.2331032814
0 0.7220046511 0.3210589742 0.5286926551 0.2203486824
0 0.7299147019 0.4656885732 0.5198917491 0.2113440834
0 0.7396488467 0.6191227291 0.5149571997 0.2224485983
0 0.7475625337 0.7631273281 0.4974571997 0.2219394003
0 0.751737129 0.8949742991 0.4875081057 0.2100514017
0 0.7645494207 0.9459811976 0.4607054119 0.1080376048
0 0.6970927519 0.0902951772 0.5233144962 0.1552031973
