0 0.136875 0.67375 0.03125 0.13875
0 0.10625 0.178125 0.06375 0.12375
0 0.046875 0.2175 0.046875 0.045
0 0.0075 0.215 0.015 0.0425
0 0.646875 0.12 0.11375 0.24
0 0.774375 0.1175 0.134375 0.234375
0 0.923125 0.115 0.15375 0.23
0 0.46625 0.5 0.615625 1
0 0.17125 0.6775 0.028125 0.13875
0 0.1 0.668125 0.034375 0.1425
0 0.061875 0.65875 0.046875 0.13625
0 0.563125 0.1875 0.015625 0.028125
0 0.5775 0.180625 0.034375 0.08
0 0.540625 0.153125 0.034375 0.1375
0 0.32 0.0225 0.084375 0.045
0 0.39125 0.06125 0.05125 0.121875
0 0.47125 0.109375 0.1175 0.21875
0 0.165 0.128125 0.05625 0.215625
