0 0.3958035866 0.08967588037 0.1444206423 0.06329967986
0 0.8914960544 0.1165432177 0.1354246144 0.09146724619
0 0.8604762044 0.0532177145 0.05442064232 0.05805777679
0 0.8684980245 0.01392168293 0.04578571731 0.02512095154
0 0.8713780188 0.6611909419 0.2572439623 0.1686748629
0 0.857974319 0.7886058092 0.2610674837 0.1886020587
0 0.8385814762 0.8968276871 0.2576785866 0.1272792545
0 0.5013531798 0.4377533163 0.9972936404 0.8369933675
0 0.3875853371 0.1233469119 0.1430396894 0.05947687566
0 0.4064345342 0.05335924038 0.1483015952 0.06726809249
0 0.4214404817 0.0279688128 0.1449444539 0.05593762559
0 0.8183949242 0.5698373165 0.03069841539 0.02174730102
0 0.8233155612 0.5852075018 0.08670238751 0.05370068623
0 0.8553274617 0.5514031903 0.1433015952 0.06697687566
0 0.9919107385 0.3482188809 0.01617852298 0.09292449681
0 0.9506984419 0.4144442241 0.09860311623 0.07787518305
0 0.8937004279 0.4877932177 0.2125991441 0.1670731703
0 0.9101488221 0.1809305461 0.1797023557 0.1033478272
