0 0.4932106659 0.566880034 0.2061827864 0.4824464948
0 0.6265825267 0.6069308333 0.2309933477 0.4806739205
0 0.7901703228 0.5437159568 0.212962329 0.4402374651
0 0.7744211544 0.4840136153 0.1786813102 0.399328183
0 0.768388566 0.4620113158 0.1582077135 0.3924962424
0 0.7082170379 0.4003927936 0.201598961 0.4548737522
0 0.6082077135 0.4055899051 0.1594763622 0.376318985
0 0.56032025 0.4484736824 0.1777154682 0.4030418117
0 0.3751509361 0.506695247 0.2569420173 0.5762194898
0 0.4228388986 0.4282592123 0.1995352604 0.4934782671
0 0.485547724 0.4575232196 0.1734732229 0.4128963265
0 0.4396154888 0.2217048657 0.136726549 0.1748507572
