0 0.2048244049 0.7141153782 0.1497804209 0.1266581376
0 0.1993197732 0.6046022 0.06485322514 0.1269190731
0 0.1333486616 0.5775667664 0.1914919031 0.09216721496
0 0.1777588973 0.4486208459 0.2022199452 0.1047835755
0 0.24376083 0.5288176422 0.1831540714 0.1420363094
0 0.2459191329 0.3199512816 0.1481898903 0.2065854123
0 0.3272677605 0.4910130715 0.122158303 0.2100299659
0 0.3847510175 0.6530412326 0.1077295746 0.1124281504
0 0.3997319416 0.5569003206 0.1239190989 0.09013178135
0 0.3824911709 0.3696980566 0.1490523788 0.1141581376
