0 0.6175 0.438125 0.1325 0.15
0 0.881875 0.754375 0.23375 0.49125
0 0.578125 0.748125 0.35625 0.50375
0 0.228125 0.740625 0.345 0.51875
0 0.028125 0.861875 0.05625 0.27625
0 0.131875 0.656875 0.21875 0.4625
0 0.450625 0.6625 0.203125 0.45625
0 0.7925 0.718125 0.209375 0.545
0 0.384375 0.585 0.1675 0.3875
0 0.711875 0.56625 0.14875 0.340625
0 0.92375 0.438125 0.134375 0.145
0 0.98125 0.46 0.0375 0.11375
0 0.253125 0.38625 0.125 0.13625
0 0.321875 0.43 0.134375 0.15
0 0.093125 0.47 0.14875 0.17
0 0.0475 0.41625 0.095 0.13875
0 0.0225 0.331875 0.045 0.0325
0 0.195 0.36625 0.1425 0.17
0 0.14 0.3225 0.1325 0.155
0 0.0925 0.299375 0.109375 0.12
0 0.530625 0.386875 0.13875 0.14875
0 0.39 0.31875 0.121875 0.095
0 0.4525 0.356875 0.121875 0.11875
0 0.32 0.286875 0.11875 0.090625
0 0.645 0.3225 0.1175 0.140625
0 0.575 0.285 0.125 0.11375
0 0.72375 0.344375 0.128125 0.12625
0 0.811875 0.38875 0.1325 0.153125
0 0.821875 0.2875 0.125 0.10125
0 0.909375 0.32375 0.11875 0.11875
0 0.974375 0.335 0.05125 0.0825
