0 0.3634276247 0.2103115573 0.1579237234 0.1729127193
0 0.4712253422 0.2328373655 0.1364836805 0.08971430388
0 0.5159790084 0.1768651492 0.1347628318 0.205833351
0 0.6291103351 0.2521092122 0.1499810201 0.2188571625
0 0.5326889477 0.2943949136 0.1810346506 0.2086984366
0 0.7355989227 0.3496350204 0.2344137305 0.1893254279
0 0.5461398107 0.3836687251 0.2302273539 0.1641944751
0 0.3720298 0.3982262414 0.1334100643 0.128333351
0 0.4614079633 0.4369941107 0.1161282526 0.1402222375
0 0.6484824961 0.467916755 0.1453582669 0.1687262097
