0 0.85298766 0.1849661766 0.2659753199 0.3699323533
0 0.9263017394 0.6082290649 0.1473965212 0.3563682597
0 0.7070972215 0.1409339513 0.3391944429 0.2818679026
0 0.8226058649 0.4362791185 0.3547882703 0.4049683669
0 0.8710294454 0.7504500029 0.2579411093 0.3983101357
0 0.6381121222 0.4164051244 0.330851691 0.3669883526
0 0.5364467685 0.1379226282 0.3103935369 0.2758452565
0 0.40143586 0.1370622039 0.2728717201 0.2741244078
0 0.277035407 0.1301780383 0.2138890069 0.2424592013
0 0.1926276817 0.1260258094 0.2199426551 0.2088182955
0 0.09016404317 0.1340649536 0.1785690262 0.186848274
0 0.03637404559 0.1281281633 0.07207904075 0.1437436734
0 0.7417397435 0.7158768896 0.3232353344 0.3468574396
0 0.730941042 0.9010841685 0.148285407 0.1375746221
0 0.6015106664 0.6789455987 0.2741798984 0.2935065052
0 0.5934737673 0.9091092399 0.1496881251 0.1638464409
0 0.4880975777 0.4165233841 0.2477989972 0.2705483097
0 0.4543520472 0.6327593114 0.2089980912 0.261121926
0 0.5226305987 0.8728420039 0.2213744623 0.2400901143
0 0.3760044091 0.3809761695 0.235269908 0.2653301214
0 0.2796162356 0.3589062195 0.2039253683 0.2485346506
0 0.1838603344 0.3380753601 0.1775881009 0.2330764552
0 0.1144053393 0.3255363052 0.1824717443 0.2131637305
0 0.05485944051 0.2971976997 0.1074062937 0.2006046006
0 0.3498352376 0.6102061838 0.1725226503 0.2217391799
0 0.2614229823 0.5623694114 0.148765378 0.2200746221
0 0.1699657221 0.528337186 0.1561708382 0.2039555351
0 0.08476573419 0.4954458666 0.1411999274 0.2086937091
0 0.4136733385 0.8391152422 0.1949935611 0.2171319188
0 0.3264892663 0.787506651 0.1899935611 0.2170446435
0 0.4068278443 0.9517461552 0.210479971 0.08616556363
0 0.2848255793 0.9319984912 0.171984501 0.1292391799
0 0.2248647435 0.7248989763 0.1897753925 0.1795446435
0 0.1446429387 0.6881703815 0.1546081299 0.1501837162
0 0.0932584014 0.6659399536 0.1571154022 0.1514773539
0 0.1122888012 0.8212485805 0.1495790407 0.1450964409
0 0.1518383361 0.8505612873 0.1532635902 0.1339118974
0 0.1901487794 0.881770813 0.1671735805 0.1616519045
0 0.1225001142 0.9648349393 0.1041354312 0.06806096299
0 0.1820132877 0.9875485448 0.1301090843 0.02101915844
