0 0.7243432082 0.8744959766 0.4527369331 0.2328111416
0 0.7884179461 0.617856401 0.4015181175 0.3406229318
0 0.7883946003 0.3236014046 0.415471776 0.349612939
0 0.7858260457 0.11683485 0.4279987798 0.2336697
0 0.7108831887 0.1643946286 0.3438695117 0.1721847221
0 0.7243229978 0.4190564367 0.4053824035 0.238232026
0 0.7403641136 0.6961636977 0.4254405916 0.2410811273
0 0.5461496536 0.6658174354 0.1422412888 0.1524218903
0 0.5591671609 0.2138987977 0.1240721251 0.1233664266
0 0.6528256982 0.4309251101 0.3429977346 0.1884129032
