0 0.5399416502 0.1002556479 0.5701166996 0.1792210522
0 0.6524215841 0.7352588103 0.6546136886 0.4459761344
0 0.5391766106 0.2880357827 0.5975530048 0.3625359898
0 0.5210569557 0.5483551811 0.6000805984 0.3326887906
0 0.5900287964 0.9754297174 0.2990513478 0.04914056517
0 0.5160039509 0.8748758285 0.5727885866 0.2502483431
0 0.3799385991 0.9584592308 0.2563709534 0.08308153831
0 0.3283287901 0.3771062724 0.3581493755 0.2142614071
0 0.3296774391 0.144275204 0.3773068443 0.2250254111
0 0.2816236059 0.6168537313 0.2785335044 0.1898025905
0 0.247020496 0.8207841257 0.2402185668 0.1682745826
0 0.1991225703 0.7825222486 0.3050891059 0.1983721961
0 0.1197995395 0.6090078304 0.1128756214 0.1056812229
0 0.1769164462 0.4210197075 0.2344269692 0.1792699146
0 0.1747856869 0.2274872388 0.2106769692 0.1783021763
