0 0.8145822869 0.2831057106 0.3038723362 0.2061319487
0 0.5764016563 0.4401831328 0.3028512191 0.1312291085
0 0.7335878923 0.135797687 0.4178242153 0.2407525241
0 0.3731296182 0.5212023559 0.2886087102 0.2170062818
0 0.3595510473 0.6746613856 0.233143205 0.1954059452
0 0.644145298 0.6197744817 0.3366313584 0.1871747619
0 0.7050487819 0.5020907465 0.2499449473 0.1659151432
0 0.8247744785 0.4098846473 0.2590440761 0.1811697422
0 0.8245764834 0.8751938032 0.2146841457 0.2073603759
0 0.2249464301 0.5193923586 0.1768339717 0.1375556087
0 0.5894851055 0.3348672887 0.2719513932 0.1990334551
0 0.3406795302 0.1956634747 0.4303553997 0.3497934944
0 0.5090959935 0.161162227 0.3593080131 0.3027567025
