0 0.4673441448 0.4227820963 0.4841979873 0.1539779835
0 0.4550977931 0.557539682 0.4794768757 0.1797178005
0 0.5525417319 0.7103461013 0.4388216378 0.1652026291
0 0.6089496688 0.6869024174 0.3997927494 0.1358915309
0 0.6297992456 0.6782927951 0.393627882 0.1154833845
0 0.6786590352 0.6115072577 0.4555207915 0.1528811416
0 0.6528711005 0.5137648434 0.3776690989 0.1191569086
0 0.600250149 0.4728463076 0.404647141 0.1337996773
0 0.5028549407 0.2993128517 0.5760908967 0.1938246192
0 0.591616686 0.3353973259 0.4961155536 0.1449983496
0 0.5753297006 0.4007799116 0.4142831199 0.1283659702
0 0.8013921091 0.3251811944 0.168761162 0.1207647588
