0 0.8296581651 0.833803881 0.1978399059 0.2546954392
0 0.1342138159 0.4321131203 0.1581834003 0.1877956572
0 0.06599055133 0.4266678403 0.09752298779 0.1958356807
0 0.1413986246 0.6643510814 0.2306515088 0.3337021628
0 0.9898742284 0.9151122813 0.0202515432 0.07209099593
0 0.9544484152 0.9046970986 0.09110316961 0.09109771958
0 0.9882692402 0.8563622813 0.02346151968 0.07709099593
0 0.9578452212 0.5902158611 0.08430955767 0.2018838363
0 0.9431674545 0.6824892347 0.1136650909 0.2698370891
0 0.914873365 0.7290747562 0.17025327 0.2866660461
0 0.9132661508 0.8015473166 0.1734676983 0.221278303
0 0.5411383799 0.504749455 0.7197767598 0.99050109
