0 0.7846469575 0.6835364752 0.06663704417 0.1470465281
0 0.9394450971 0.1947462255 0.09372950637 0.1403803535
0 0.97205809 0.2433440841 0.02875344648 0.05573910606
0 0.4303561184 0.09967485427 0.1717877631 0.1993497085
0 0.3060256448 0.09041469842 0.1904487103 0.1808293968
0 0.1618116106 0.07936493759 0.2063767788 0.1587298752
0 0.5092121257 0.4951693139 0.8565757485 0.9903386277
0 0.7498216165 0.6824386166 0.06282882448 0.1455123701
0 0.821434628 0.6826172548 0.07056170323 0.1510806861
0 0.8608678476 0.6783835957 0.08169526385 0.1494331602
0 0.4946831456 0.1431254672 0.02139727246 0.03151550938
0 0.4826489031 0.1340726606 0.05520893863 0.08888349278
0 0.5253971983 0.1121495628 0.06907882448 0.1459859668
0 0.7723355878 0.02299063368 0.0953527646 0.04598126737
0 0.6931335236 0.05436909526 0.08105484731 0.1087381905
0 0.6036112511 0.1015056806 0.17111996 0.2030113611
0 0.8954228617 0.1370482006 0.1103631041 0.2300775469
