0 0.5178319331 0.2689146356 0.6127797114 0.2339942491
0 0.3154567739 0.1566074051 0.55824891 0.194022298
0 0.3254328553 0.2633805758 0.5891660461 0.2122205558
0 0.2613588277 0.390024391 0.4174627933 0.1757637619
0 0.4135188544 0.5829722137 0.5727850267 0.2093423328
0 0.3460728702 0.4900519173 0.5444334003 0.1924522632
0 0.5200539484 0.3351937297 0.3252956572 0.1561398945
0 0.4008134889 0.4718822311 0.5900884975 0.2059996498
0 0.5289172279 0.5640164649 0.7491554156 0.263386409
0 0.6131302479 0.4037385035 0.4770591045 0.2171020892
0 0.616878521 0.1170520924 0.3696954392 0.193379093
