0 0.88875 0.65625 0.16875 0.1925
0 0.215 0.88125 0.36375 0.1875
0 0.915625 0.93125 0.1175 0.078125
0 0.699375 0.605625 0.246875 0.29375
0 0.875 0.49625 0.2 0.28875
0 0.725 0.7675 0.215625 0.2625
0 0.48625 0.769375 0.25 0.41375
0 0.42375 0.595 0.215625 0.41875
0 0.17375 0.555 0.28875 0.1175
0 0.195 0.65 0.3325 0.184375
0 0.1875 0.79875 0.3125 0.17625
0 0.6325 0.3425 0.215625 0.4425
0 0.3375 0.421875 0.32 0.3825
0 0.046875 0.34 0.046875 0.11375
0 0.73625 0.9025 0.2425 0.145
0 0.865625 0.805 0.215625 0.25
