0 0.3039100925 0.6399357995 0.6078201851 0.2423061485
0 0.3251812016 0.75317352 0.6503624033 0.25884704
0 0.5457801244 0.638864804 0.2936064338 0.1366944429
0 0.3347933698 0.515124879 0.6519728604 0.2600170448
0 0.3491229883 0.3745689657 0.6276119331 0.2248788713
0 0.3947680633 0.2304448596 0.6843637662 0.2539561243
0 0.4204412838 0.1562116692 0.6509473753 0.2012670448
0 0.3851938549 0.4566621343 0.7020228247 0.1915652086
0 0.5879545857 0.8010016063 0.5415364838 0.2343770835
0 0.7203842221 0.626754288 0.3476773896 0.226999879
0 0.7715856773 0.4507842711 0.3462964766 0.2194926067
0 0.7892225925 0.2639929024 0.3590583026 0.2345653296
0 0.4015621146 0.3067421295 0.6782510058 0.1901770351
