0 0.393671337 0.8091189888 0.4891766766 0.1680556203
0 0.2766776074 0.1369444062 0.5468678905 0.1975199136
0 0.3157410045 0.212938448 0.5389093225 0.1885080078
0 0.3466466468 0.2898412211 0.5883799294 0.2039603953
0 0.3300160805 0.9404801076 0.4873477196 0.1093492713
0 0.3638209597 0.8906388335 0.4631887155 0.1721389501
0 0.2525 0.074375 0.505 0.14875
0 0.3958579398 0.7316844653 0.6025229878 0.2119405559
0 0.3867564726 0.6315614513 0.7023813379 0.2603453309
0 0.3879444839 0.5017578807 0.7523105129 0.2845477185
0 0.3532808688 0.3894265369 0.6768572601 0.2494723117
