0 0.1527759184 0.04249948425 0.1769481632 0.07438716146
0 0.1440472981 0.09371124631 0.1894772533 0.07790752752
0 0.1352677701 0.1492980084 0.1807708885 0.08094327128
0 0.1270768794 0.2080607887 0.1807272533 0.07719327128
0 0.1189659866 0.2599485691 0.1807272533 0.07719327128
0 0.1095614586 0.3154843129 0.1845208885 0.0812493811
0 0.1051423856 0.372678203 0.1845645237 0.0849993811
0 0.09567240474 0.4338389468 0.1845208885 0.0812493811
0 0.09052143304 0.4902037638 0.1810428661 0.0849993811
0 0.08705462397 0.5485966356 0.1741092479 0.08469327128
0 0.08422735996 0.6046425624 0.1684547199 0.08428512486
0 0.08075327836 0.6643874709 0.1615065567 0.08377494182
0 0.07855101435 0.720484416 0.1571020287 0.08346883201
0 0.07444466022 0.7789283062 0.1488893204 0.07785661237
0 0.07223512368 0.8362752513 0.1444702474 0.07755050255
0 0.07129013221 0.891849233 0.1425802644 0.07869846595
0 0.07099195834 0.941224233 0.1419839167 0.07494846595
