0 0.1154229392 0.6113719643 0.2308458785 0.7603576178
0 0.2682249938 0.6245837904 0.2421009402 0.7486357283
0 0.4269582067 0.5929080379 0.2219071585 0.8141839242
0 0.582503103 0.6012709786 0.2150964331 0.7974580428
0 0.7293138285 0.6043716937 0.2045357076 0.7912566125
0 0.8805479994 0.615756944 0.214215293 0.768486112
0 0.7812622258 0.2699668155 0.1177997952 0.2459174982
0 0.6330897384 0.2897400192 0.1306034226 0.2903667663
0 0.4794682875 0.2965761804 0.1417565318 0.3284786259
0 0.4386401542 0.1499548398 0.1036996385 0.1229804556
0 0.6008439624 0.175736651 0.09478943121 0.119868596
