0 0.5468541542 0.7792074192 0.1303800857 0.1709384079
0 0.8691085912 0.1274250111 0.2042828175 0.1831233694
0 0.6591163373 0.08136499404 0.1742673253 0.1092843166
0 0.5074003958 0.1368495219 0.1735782883 0.2129178773
0 0.2960677032 0.06007717535 0.1587654922 0.0798356804
0 0.1800531276 0.1128459643 0.1716955422 0.1766096576
0 0.4653775711 0.3225447117 0.1452428461 0.2353288245
0 0.3545762766 0.1841508301 0.1797191942 0.2069589757
0 0.7313530919 0.2073290653 0.170729187 0.1928014379
0 0.6008684948 0.3007074377 0.1437092013 0.2190206048
0 0.7715543685 0.3768376445 0.1826773896 0.2333254151
0 0.8969844185 0.2863513934 0.1805701286 0.2557089757
0 0.08083544221 0.1731592796 0.1616708844 0.2513185591
0 0.2560757737 0.2727638045 0.1750246578 0.2242260969
0 0.3524147929 0.4154881596 0.1567328532 0.2496028017
0 0.5190420396 0.4732895975 0.1403301214 0.2400959457
0 0.6424288656 0.4640242366 0.1583382812 0.198469241
0 0.1518848143 0.3648647902 0.1594573682 0.1910274607
0 0.05313765325 0.393215776 0.1062753065 0.216431552
0 0.009043134741 0.2529948673 0.01808626948 0.1434897347
0 0.2509965688 0.4920805848 0.1334255565 0.2023048473
0 0.8395501994 0.5307520567 0.1655764552 0.1838185591
0 0.9401361445 0.4660055217 0.1077273539 0.1611404536
0 0.9529106237 0.594204158 0.0773782526 0.1397431811
0 0.8743305916 0.6524695375 0.1639991727 0.1650103395
0 0.9205791721 0.7622109954 0.1364555351 0.1612295064
0 0.9783269253 0.7148599911 0.02244370909 0.140931515
0 0.9449854808 0.8690586088 0.08358461493 0.1375342796
0 0.9573172568 0.946411151 0.05573551364 0.1071776979
0 0.8764131948 0.8915106359 0.1038246221 0.1522157945
0 0.8193027705 0.8306784205 0.1110846149 0.1388151127
0 0.7824728276 0.7188736103 0.1392828175 0.1800959457
0 0.7436587906 0.6132314705 0.1468046364 0.1816952639
0 0.5877937834 0.6197331196 0.1679455422 0.1764349985
0 0.4284810766 0.5729059998 0.1402709916 0.1651541654
0 0.311401961 0.6149915691 0.1408164623 0.1964041654
0 0.1330960838 0.5453870442 0.1416519045 0.1727123851
0 0.06779378345 0.5955137304 0.1109037377 0.200006893
0 0.2074696643 0.656438445 0.126848274 0.1832637489
0 0.143780538 0.7216524607 0.08518371623 0.1575924993
0 0.02321734464 0.682734602 0.04643468929 0.1685787874
0 0.07350027971 0.7690171583 0.1470005594 0.1905034835
0 0.2233286692 0.8229367403 0.09264007857 0.1554418174
0 0.3002955273 0.7495840313 0.1043700929 0.1834657945
0 0.4057100851 0.7307244849 0.1421973753 0.2039623851
0 0.5040719289 0.6858906203 0.1075746221 0.1523904536
0 0.7041282198 0.8353222094 0.1238028032 0.1518973095
0 0.6088041007 0.8853016232 0.09990007143 0.1420411355
0 0.7694213546 0.9290619626 0.1044855136 0.1185240142
0 0.8942936049 0.9710378465 0.09617821688 0.05792430703
0 0.7990317789 0.9790506689 0.1034818474 0.0418986622
0 0.6913540649 0.9461473929 0.1109537019 0.1077052142
0 0.5908849601 0.9663768251 0.1053209558 0.06724634971
0 0.5155186227 0.9236345149 0.1089118974 0.1527309702
0 0.4509845643 0.8604368329 0.0894636948 0.116575378
0 0.3626959231 0.8657073451 0.1044855136 0.1185240142
0 0.1637822818 0.8658254151 0.09921736104 0.1744829158
0 0.08749180747 0.9004281241 0.1079891799 0.1761404536
0 0.1367826955 0.9386952268 0.09847552078 0.1226095464
0 0.2224404237 0.938828806 0.09729097727 0.1223423881
0 0.2913945393 0.9011679328 0.1090428104 0.1649486733
0 0.4199622425 0.9430574414 0.1022691584 0.1138851171
0 0.3422986013 0.9498647902 0.08700733247 0.1002704195
0 0.4935408552 0.9896079714 0.08949184026 0.02078405724
0 0.6619491757 0.7432845204 0.1362373468 0.1487295064
0 0.0371567789 0.9514109658 0.04172368766 0.09717806849
