0 0.3869310612 0.1761459502 0.6390400504 0.1594714665
0 0.2943412224 0.6778607332 0.5886824448 0.1937583961
0 0.3199455224 0.8013146747 0.6398910449 0.2015873376
0 0.4390846176 0.786586302 0.8363327998 0.2710143068
0 0.5183794827 0.651364517 0.3206663999 0.1315343328
0 0.3187853613 0.5446317392 0.6375707225 0.209777068
0 0.3276491077 0.3980114071 0.618141743 0.1860546617
0 0.366094396 0.2542338135 0.6837846524 0.2211522752
0 0.7544742107 0.2656736953 0.3668670861 0.2182151415
0 0.7653921772 0.4546900333 0.3125346524 0.2060249969
0 0.7368925774 0.6320764961 0.2805442819 0.2134507233
