0 0.586875 0.4301318155 0.17625 0.1717368711
0 0.338125 0.1377203804 0.53125 0.2678416327
0 0.280625 0.3822069331 0.56125 0.4894138661
0 0.2475 0.7229709254 0.495 0.4784418507
0 0.090625 0.882249455 0.18125 0.12699891
0 0.264375 0.8325641809 0.5 0.3348716382
0 0.330625 0.528577322 0.49 0.3256798118
0 0.353125 0.1841314971 0.57875 0.3578310023
0 0.39125 0.6142545436 0.415 0.2717492284
0 0.483125 0.3040695084 0.365 0.2403788394
0 0.655625 0.1356098503 0.17125 0.1727248322
0 0.6475 0.07393403709 0.11875 0.06872342379
0 0.555 0.7953363175 0.16125 0.1609507544
0 0.528125 0.7170528584 0.17625 0.1742368711
0 0.4375 0.9144851902 0.19875 0.1710296196
0 0.479375 0.9592643107 0.15625 0.08147137856
0 0.561875 0.856946621 0.1975 0.1878505364
0 0.591875 0.9175096997 0.18125 0.1649806006
0 0.603125 0.9514535712 0.14125 0.09709285753
0 0.616875 0.5279540488 0.17625 0.1779868711
0 0.651875 0.6822883211 0.12 0.1475389335
0 0.62875 0.6117013912 0.14375 0.1537836183
0 0.666875 0.7580744378 0.115 0.1422768946
0 0.705625 0.4357302393 0.1625 0.1547662641
0 0.72625 0.5130611497 0.13875 0.1547715794
0 0.701875 0.3536587101 0.15125 0.1604266766
0 0.67875 0.2568217802 0.17875 0.1731178905
0 0.779375 0.275220313 0.12625 0.1516164821
0 0.76375 0.1806514414 0.1425 0.1499681085
0 0.7675 0.1152229706 0.0925 0.07359771958
