0 0.3083477092 0.8449299245 0.1921540435 0.2137372388
0 0.2148269104 0.8467349048 0.1571582972 0.1511629652
0 0.2684379621 0.4626867194 0.2101676332 0.1658021763
0 0.1276092277 0.4519566897 0.1525148324 0.1597092308
0 0.2927927846 0.5703766569 0.1943526957 0.1451909731
0 0.1044194416 0.8322527482 0.1167041486 0.07713495732
0 0.1706217818 0.236570434 0.1274914925 0.1274914925
0 0.1622718344 0.1694662328 0.1076994806 0.07052842214
0 0.7810706411 0.6309166934 0.4378587177 0.437317423
0 0.6987562692 0.6717772752 0.2102652467 0.2294503091
