0 0.2766715331 0.5554125427 0.1716357636 0.5987531354
0 0.1239702565 0.3842903306 0.1357411916 0.5466885014
0 0.2299116295 0.3686237798 0.1512648435 0.5770376302
0 0.3390698607 0.2761258701 0.1332756636 0.4054385014
0 0.5592429919 0.378790068 0.1497311987 0.5607585362
0 0.4543380133 0.3350816188 0.1355230032 0.5341885014
0 0.3406833591 0.5418963404 0.1241610701 0.3127639369
0 0.4483234377 0.3930902426 0.1450366623 0.5781421599
0 0.5653170218 0.4964791795 0.1852421974 0.7340149821
0 0.4275428669 0.6164474726 0.1692138734 0.4600031354
0 0.1505541899 0.6881572295 0.1561092727 0.3534912888
