0 0.5345054666 0.8582675569 0.6352646649 0.2373452588
0 0.6930039013 0.3731379649 0.6057883169 0.2669961771
0 0.6758216938 0.2472875164 0.6447346864 0.2786970742
0 0.5533326032 0.2452370998 0.8375120045 0.3684224694
0 0.4592648107 0.3697930374 0.3241082669 0.1674880822
0 0.6507456523 0.5020475228 0.6498655993 0.2862552545
0 0.6188614867 0.6454557137 0.6169074039 0.2596270827
0 0.5639395964 0.7835948209 0.6851056065 0.3004125164
0 0.1854375729 0.7228794854 0.3708751458 0.2568635201
0 0.1926019968 0.5335990283 0.3253519403 0.2387380822
0 0.2412489049 0.3610049232 0.2953955779 0.2408890006
