0 0.28 0.62125 0.28625 0.23875
0 0.230625 0.86125 0.278125 0.234375
0 0.25 0.984375 0.2075 0.03125
0 0.5325 0.855625 0.27375 0.255
0 0.51375 0.97625 0.215625 0.046875
0 0.82 0.85125 0.3325 0.2625
0 0.03 0.8425 0.059375 0.215625
0 0.046875 0.62875 0.09375 0.215625
0 0.0925 0.384375 0.184375 0.2075
0 0.12375 0.12625 0.2425 0.215625
0 0.45125 0.12875 0.28875 0.23125
0 0.3675 0.384375 0.29375 0.21875
0 0.59375 0.640625 0.28625 0.2075
0 0.853125 0.615625 0.29375 0.23875
0 0.68 0.38875 0.305 0.215625
0 0.7675 0.134375 0.34875 0.2425
0 0.918125 0.3925 0.16375 0.23125
0 0.95875 0.14125 0.0825 0.195
0 0.165625 0.01375 0.23125 0.0275
0 0.44625 0.009375 0.27 0.01875
0 0.786875 0.009375 0.2925 0.01875
