0 0.4290177264 0.0699553868 0.1719645472 0.1399107736
0 0.2315050659 0.6757024584 0.2506405766 0.3049793806
0 0.1046433096 0.4696256206 0.2092866192 0.3857487588
0 0.1518089432 0.07372673535 0.1638821135 0.1474534707
0 0.3272357729 0.2828913954 0.1407268757 0.1497409858
0 0.6049048718 0.176678802 0.2093905766 0.3023359605
0 0.5862429205 0.5184736983 0.2180554439 0.3228165824
0 0.4652573988 0.9172618341 0.1945015325 0.1108456496
0 0.1057306262 0.9322066823 0.08689290944 0.0379470475
0 0.7145460997 0.7530918834 0.2490993597 0.299899277
0 0.7764345946 0.8985660278 0.1943559241 0.1083456496
0 0.8501279502 0.6703060012 0.2121817934 0.3074961678
0 0.7339264295 0.01680160272 0.106880581 0.03360320543
0 0.8809247139 0.2127321462 0.2323262354 0.4254642924
