0 0.21125 0.89625 0.421875 0.2075
0 0.68625 0.925625 0.33625 0.14875
0 0.1525 0.7575 0.305 0.296875
0 0.498125 0.835625 0.35625 0.32875
0 0.819375 0.860625 0.35875 0.27875
0 0.446875 0.644375 0.325 0.28625
0 0.136875 0.5875 0.27375 0.27375
0 0.12625 0.451875 0.2525 0.23875
0 0.1075 0.329375 0.215 0.18375
0 0.09 0.24625 0.18 0.195
0 0.081875 0.144375 0.16375 0.15625
0 0.06375 0.06 0.1275 0.12
0 0.759375 0.703125 0.305 0.28125
0 0.94125 0.665625 0.1175 0.1325
0 0.70125 0.57 0.2575 0.23875
0 0.9275 0.52875 0.145 0.13
0 0.42375 0.49625 0.23875 0.215625
0 0.6325 0.43125 0.234375 0.17625
0 0.88125 0.465 0.21125 0.1925
0 0.37125 0.390625 0.234375 0.203125
0 0.334375 0.29875 0.22375 0.171875
0 0.29875 0.206875 0.21125 0.14875
0 0.275 0.140625 0.190625 0.15625
0 0.235 0.06375 0.1825 0.1275
0 0.59375 0.331875 0.2 0.145
0 0.5325 0.25125 0.203125 0.12
0 0.484375 0.165625 0.184375 0.13
0 0.43875 0.08625 0.1925 0.11375
0 0.83 0.36125 0.1925 0.16875
0 0.765625 0.2825 0.1925 0.16375
0 0.956875 0.33625 0.08625 0.2
0 0.91 0.22 0.121875 0.15625
0 0.6875 0.19125 0.153125 0.16875
0 0.63875 0.1175 0.13 0.1375
0 0.60875 0.07 0.13 0.14
0 0.765625 0.06625 0.125 0.1325
0 0.800625 0.10125 0.11375 0.1375
0 0.8375 0.134375 0.140625 0.14875
0 0.92 0.055 0.075 0.09375
0 0.97 0.1075 0.059375 0.121875
