0 0.4674555916 0.577816243 0.3042167123 0.6917035925
0 0.2566528776 0.5669632821 0.3179230747 0.6901650862
0 0.09917721104 0.5554199103 0.1983544221 0.6641601794
0 0.9670002351 0.3543650626 0.05430463636 0.1785837491
0 0.8025488692 0.3702342823 0.1282946435 0.1974908515
0 0.5994425247 0.3476068703 0.1286873825 0.2199908515
0 0.1989561838 0.3319150036 0.1282946435 0.1974908515
0 0.3998243542 0.3397172326 0.1137964766 0.2251919493
0 0.854257389 0.5907196034 0.2803139805 0.6812928307
0 0.6670628526 0.5863308807 0.292748524 0.6784169159
