0 0.09677474708 0.3834082999 0.09216290324 0.343270171
0 0.5542888198 0.324398986 0.1049184026 0.4301097585
0 0.9288788448 0.3529365785 0.08617472922 0.3579426223
0 0.8561497471 0.3436111425 0.1031883883 0.4025442488
0 0.6289147364 0.3348761574 0.0883193013 0.4092581321
0 0.4758770117 0.3479010986 0.09555747532 0.3946511904
0 0.3222719974 0.3284260398 0.1066920545 0.4601752682
0 0.1690815409 0.332700981 0.1050493156 0.4376097585
0 0.2473265445 0.3354816232 0.1000493156 0.4373477196
0 0.7749356386 0.3140865197 0.1066920545 0.4601752682
