0 0.5903036713 0.7096288995 0.3129484578 0.3525458145
0 0.8144207483 0.7967789565 0.3060000424 0.3321817934
0 0.9394068618 0.8070349377 0.08728971063 0.2134094694
0 0.8549345501 0.504352344 0.2901308999 0.3451914229
0 0.966702414 0.5454455735 0.06659517199 0.224877882
0 0.8764186563 0.2234120535 0.2471626875 0.4008108419
0 0.5475279055 0.9194160679 0.2347857279 0.1147187787
0 0.3196687675 0.8506458255 0.254281777 0.2443424292
0 0.1170199454 0.7685080969 0.1900397212 0.2979838061
0 0.1534544266 0.448866537 0.2867421087 0.3522669261
0 0.3765992872 0.5799122024 0.2955357597 0.3540265555
0 0.674849266 0.4047207796 0.281436552 0.3432257092
0 0.7039821678 0.1625297803 0.3144603636 0.3250595605
0 0.4460357544 0.272752733 0.2946349674 0.3639537513
0 0.2161111347 0.1735439158 0.3322222693 0.3470878316
0 0.4999305673 0.07687058544 0.2698611347 0.1537411709
0 0.263670637 0.01100193271 0.209841274 0.02200386541
0 0.04137505829 0.4315961116 0.06179765488 0.2693077768
0 0.09744644522 0.1223303179 0.09739289045 0.2446606358
