0 0.5267193535 0.5632960609 0.05215893208 0.05244405411
0 0.5099531774 0.4256819549 0.06262225545 0.04204652813
0 0.3813617357 0.7910399693 0.04284048555 0.1325574221
0 0.3295827104 0.7318249588 0.06720234516 0.1431070895
0 0.3557758657 0.7256417052 0.06615344298 0.1281070895
0 0.3423837747 0.5757170379 0.1025171323 0.1146986695
0 0.3736209255 0.6591362583 0.06553301723 0.06589124747
0 0.4126420084 0.6941369964 0.04379341307 0.09284158008
0 0.4503956678 0.7472627345 0.07215893208 0.05395956349
0 0.3462468817 0.4126487218 0.09465893208 0.05566451154
0 0.3869370013 0.2800167052 0.09283191941 0.08288035353
0 0.3792496262 0.4528482229 0.1044578343 0.07132754689
0 0.4815350968 0.3468745328 0.09091749822 0.1088461955
0 0.5256393051 0.4080212272 0.04523594475 0.02456517676
0 0.4507349886 0.2572053124 0.07965893208 0.0545278795
0 0.5371264146 0.7469233686 0.03879341307 0.09246270274
0 0.5359855297 0.700341851 0.03208008971 0.1031443867
0 0.4517587747 0.5840049798 0.05695783426 0.06772821212
0 0.4429779197 0.5029157074 0.07763082159 0.09664900216
0 0.4753685134 0.4620166118 0.08215893208 0.05471731818
0 0.4534189541 0.3805577864 0.04533191941 0.07928101876
0 0.4282267136 0.399383119 0.04428301723 0.06428101876
0 0.3789302648 0.3585772666 0.09277935783 0.1176909149
0 0.3810286516 0.5082744599 0.07408191941 0.08145956349
0 0.3655130578 0.5504522666 0.101153443 0.1307592309
0 0.3185952271 0.8170710815 0.08373228535 0.07721731818
0 0.4958706756 0.3215717262 0.08355746832 0.07471731818
0 0.5513480129 0.615427246 0.04012225545 0.04034158008
