0 0.4644775312 0.7043361351 0.2592898161 0.5389212461
0 0.8060059617 0.1263051518 0.1754880767 0.2526103035
0 0.673185981 0.1860713183 0.2086280379 0.3721426366
0 0.5220664655 0.2690863581 0.2719352618 0.5381727162
0 0.3366414534 0.2333319655 0.1871235079 0.3768553387
0 0.9015274828 0.5388799648 0.1932216233 0.5659257532
0 0.7984966059 0.6366984633 0.2187734837 0.4476079297
0 0.6549425409 0.71962033 0.1795726019 0.3676247168
0 0.1823719016 0.225099765 0.1540053635 0.268522644
0 0.2519492755 0.5080338575 0.1656407947 0.3354935768
0 0.3363521145 0.8200067064 0.1793398887 0.3276247168
0 0.1961339459 0.866478314 0.1539035514 0.251022644
0 0.1058209351 0.4394411906 0.2116418701 0.6111176188
