0 0.4888965817 0.6107783805 0.09204267931 0.1378427747
0 0.7216341811 0.2436278062 0.3514698354 0.4735874539
0 0.3779738346 0.5564702565 0.3598134208 0.6187183669
0 0.6167997769 0.6466669503 0.4019788955 0.5619602071
0 0.6729330036 0.7731741935 0.3650016668 0.436327461
0 0.4632594231 0.9355679383 0.1731545059 0.1155109987
0 0.8421238104 0.4796254701 0.3130470884 0.5291610701
0 0.5235847067 0.4489392721 0.130887219 0.1547691584
0 0.5354350871 0.238128812 0.1839471852 0.2519355493
0 0.4538469258 0.297672036 0.1259235805 0.1609318831
0 0.7474312158 0.8581150636 0.2789980912 0.2623437805
0 0.5926942682 0.493353327 0.1033144962 0.1417891442
