0 0.4129832827 0.4997817982 0.690127431 0.3360278684
0 0.3826734066 0.7070913164 0.6909135477 0.3510278684
0 0.3632585423 0.873125 0.648298474 0.25375
0 0.7275194668 0.0852957324 0.1806391515 0.08990478562
0 0.6775477698 0.2507441372 0.1980630113 0.1366785972
0 0.6601991194 0.4553869906 0.2206940308 0.1399643145
0 0.5984001922 0.8475060271 0.1980630113 0.1366785972
0 0.6292669009 0.6508215088 0.2249079141 0.1251389183
0 0.4796759724 0.1415218891 0.6793519448 0.2732659627
0 0.4432905011 0.3043254544 0.6771033532 0.3255913588
