0 0.3219254802 0.2118046632 0.4896224841 0.1465498306
0 0.3579875566 0.9013610536 0.5473285683 0.1718770835
0 0.3792974492 0.8143915139 0.539391743 0.1643334498
0 0.3917845375 0.7287228802 0.5889425893 0.178367069
0 0.2342657937 0.07738644614 0.4685315874 0.1527271077
0 0.2758933096 0.1439705546 0.4636637009 0.1513971126
0 0.349341182 0.9532687789 0.5101690989 0.09168800405
0 0.3413800319 0.2854164897 0.6029838061 0.1834470642
0 0.354894293 0.3859287692 0.7031047577 0.2290143026
0 0.3845252742 0.5100892368 0.7531652334 0.2517979218
0 0.376249668 0.6307215091 0.677522324 0.2188688568
