0 0.9313254597 0.9267974959 0.1373490805 0.05343653081
0 0.929805615 0.8799443214 0.14038877 0.06223018178
0 0.9257421193 0.8250534488 0.1485157613 0.05994843658
0 0.9259881472 0.7687597978 0.1480237056 0.06236113466
0 0.9243373496 0.7081566233 0.1513253008 0.05865478562
0 0.9234206794 0.6556566233 0.1531586412 0.05865478562
0 0.9211448818 0.5988252743 0.1577102364 0.06249208755
0 0.9173065842 0.5420812272 0.1653868316 0.06637304043
0 0.9159355484 0.4796030526 0.1681289032 0.06262304043
0 0.913336338 0.4222121801 0.1733273239 0.06637304043
0 0.9107371277 0.3629463075 0.1785257446 0.06637304043
0 0.9062044107 0.3075177368 0.1808452462 0.06624208755
0 0.900962339 0.2470018642 0.1808452462 0.06624208755
0 0.8939980457 0.190926468 0.1808452462 0.06624208755
0 0.8888214505 0.1322855954 0.1769642933 0.06236113466
0 0.8805853318 0.07562885025 0.1769642933 0.06236113466
0 0.8729960385 0.02541066168 0.1807142933 0.05082132335
0 0.8636051606 0.0002400273029 0.1797103212 0.0004800546058
