0 0.362564037 0.124972427 0.2043700929 0.1904714777
0 0.09870439529 0.7704541515 0.1974087906 0.3845126945
0 0.09015905844 0.06781470728 0.08586642662 0.126127882
0 0.3998398464 0.3192135638 0.3108319545 0.2803370313
0 0.5209322075 0.1560935616 0.302502839 0.232400206
0 0.2398148643 0.2754832229 0.2777428461 0.2446941218
0 0.221283377 0.5127709745 0.4309846864 0.2960762354
0 0.3912787942 0.5946201512 0.4341237591 0.261294648
0 0.4137572997 0.8480604417 0.1376492442 0.3027172462
0 0.3204654951 0.816350126 0.2084565409 0.3530442819
0 0.1711014046 0.807025023 0.1981074396 0.3324618482
0 0.6578184412 0.4143204373 0.4578955779 0.263927928
0 0.557745563 0.6994123174 0.4046847221 0.3632245428
0 0.6194822283 0.9837109734 0.1171882097 0.03257805318
0 0.1063812373 0.2495681725 0.1618637662 0.2591733304
0 0.212302211 0.1312359219 0.2652210273 0.2427160798
