0 0.4268760356 0.161433177 0.3512520712 0.3228663539
0 0.8444476644 0.480668984 0.3111046711 0.4873150734
0 0.925764004 0.1733715688 0.1484719921 0.3467431377
0 0.7243739087 0.1807639866 0.3632894151 0.3615279731
0 0.161061098 0.1481311642 0.2796221961 0.2962623284
0 0.9143399344 0.7691585882 0.1713201312 0.3682022188
0 0.6790374396 0.7823966259 0.3784188759 0.3811860249
0 0.5529127024 0.4545740047 0.3613687708 0.5136255491
0 0.2550837609 0.4330786023 0.3801697044 0.5159676123
0 0.07378282731 0.4423852127 0.1290258253 0.4427295746
0 0.1357893594 0.7495094464 0.2272664894 0.4359811072
0 0.3592687677 0.7759616993 0.3741552862 0.4295720039
