0 0.5899620994 0.4869780281 0.1370866652 0.08260535624
0 0.2139435897 0.689430384 0.4278871795 0.3243436627
0 0.5523578909 0.3720192088 0.6175458145 0.3187082169
0 0.6073176574 0.6175006024 0.555530787 0.3680669101
0 0.7380586112 0.6866975036 0.4601062902 0.3365890637
0 0.9174318615 0.4886805657 0.1146101556 0.168055188
0 0.4070769208 0.8417062952 0.5256405766 0.3048031131
0 0.4252292426 0.5086176665 0.1519163999 0.1229690691
0 0.2152594805 0.5034962281 0.2494645472 0.1694832868
0 0.285877733 0.42656855 0.1578023788 0.1169009255
0 0.8143943271 0.7687083701 0.2934564503 0.2606107966
0 0.4590587943 0.5812583423 0.1390647073 0.09514172753
