0 0.2864219984 0.6655091515 0.2536055953 0.6286726989
0 0.1846838754 0.6076651132 0.2708466736 0.6848971382
0 0.3703470478 0.4372053296 0.1418165945 0.300611807
0 0.4155677972 0.6742596673 0.2725826696 0.6514806654
0 0.5518708576 0.7012109369 0.2366149313 0.5975781263
0 0.7021509924 0.6930219319 0.26579574 0.6139561362
0 0.7812713244 0.7045204785 0.2126336032 0.590959043
0 0.4874152035 0.6504457139 0.2047218807 0.6991085722
0 0.2321647336 0.3349991748 0.2443505131 0.5544125159
0 0.4400934154 0.2798581782 0.235154872 0.3593104793
0 0.6229892142 0.300431541 0.2263539384 0.357346223
0 0.8044588723 0.3560049038 0.2406132743 0.3709686257
0 0.6336673304 0.6777413828 0.2025041424 0.6445172344
