0 0.7260783647 0.6076207003 0.3437654798 0.3207615281
0 0.8196588328 0.8340700371 0.3235836233 0.3133466608
0 0.8335398899 0.9566925723 0.2110777623 0.08661485546
0 0.5290720829 0.8594824567 0.3363382223 0.2810350867
0 0.5733714098 0.9724310271 0.2224368761 0.05513794573
0 0.2489151003 0.8773661368 0.3935242571 0.2452677264
0 0.9344082161 0.569669797 0.1079786878 0.237147141
0 0.8590800475 0.3399011213 0.2371651432 0.2596459745
0 0.7711312675 0.1350658056 0.2927374651 0.1967449681
0 0.4528741586 0.1641099385 0.3442516828 0.2945843323
0 0.5902773693 0.3906074226 0.3457562818 0.3034071365
0 0.423939147 0.6851840922 0.3353561976 0.2890747028
0 0.1704903742 0.7083114251 0.3409807483 0.3224483534
0 0.2854496071 0.4529888039 0.3557199105 0.3027395702
0 0.1742725743 0.2201925893 0.3485451486 0.3403851786
0 0.08218979235 0.5019712947 0.1643795847 0.2739425893
0 0.01331542338 0.2640350526 0.02663084677 0.2105701052
0 0.432361203 0.05147665854 0.267777594 0.06800729659
0 0.1230407599 0.1003326167 0.2460815199 0.1031652334
