0 0.8260865372 0.6473138261 0.2800746192 0.5811143871
0 0.2280871747 0.601719396 0.4561743493 0.736561208
0 0.6491475322 0.5898182407 0.4493857174 0.628297347
0 0.416736479 0.503208051 0.4206357174 0.6266228502
0 0.02250051575 0.4517114821 0.0450010315 0.2990770357
0 0.1434440965 0.4075862991 0.286888193 0.5898274018
0 0.07912011479 0.2520396843 0.1582402296 0.2662365051
0 0.6508431945 0.3633010975 0.2669885792 0.3750827998
0 0.8509709982 0.426288403 0.2511211649 0.3940635408
0 0.4488657453 0.254391411 0.2294123096 0.2957626945
0 0.2750006189 0.1668594234 0.2011471382 0.2543066104
0 0.3294265341 0.1456928064 0.2411469319 0.2913856129
0 0.5205361564 0.100308211 0.120841441 0.1239795746
0 0.6711998069 0.2053642722 0.2108410284 0.251139044
0 0.8494780681 0.2540734556 0.2077543695 0.2285662398
