0 0.019375 0.8925 0.03875 0.171875
0 0.06625 0.894375 0.046875 0.171875
0 0.12125 0.896875 0.04375 0.184375
0 0.178125 0.89875 0.046875 0.17625
0 0.238125 0.9 0.04375 0.17625
0 0.290625 0.9025 0.04375 0.17625
0 0.3475 0.905 0.046875 0.18
0 0.405 0.9025 0.05125 0.18
0 0.4675 0.905 0.046875 0.18
0 0.525 0.905 0.05125 0.18
0 0.584375 0.905 0.05125 0.18
0 0.640625 0.9025 0.05125 0.17625
0 0.70125 0.9025 0.05125 0.17625
0 0.7575 0.9 0.05125 0.17625
0 0.81625 0.9 0.046875 0.171875
0 0.87375 0.896875 0.046875 0.171875
0 0.93 0.894375 0.046875 0.17625
0 0.978125 0.88875 0.04375 0.17625
