0 0.1226351714 0.3374896903 0.1784691942 0.2099645096
0 0.8003723396 0.179896174 0.373491013 0.2237106774
0 0.1003241192 0.06074323936 0.121418224 0.08893994941
0 0.3111388377 0.4070052363 0.2627801571 0.3190013498
0 0.1335638912 0.498635364 0.2151492442 0.3084574115
0 0.2883023896 0.243223578 0.2297128675 0.2844186551
0 0.5271614838 0.2647733732 0.2711247649 0.439401868
0 0.586487939 0.444628037 0.2386902214 0.4410691733
0 0.8360888734 0.5093186613 0.2947255208 0.1462442517
0 0.8162947328 0.4125321585 0.3421755565 0.2179580864
0 0.8262092013 0.2652081949 0.3220228247 0.2079264281
0 0.3732644299 0.6756900037 0.2391047792 0.4648191733
0 0.6695643942 0.62600467 0.3406229318 0.4151376718
0 0.9592930782 0.7363435589 0.05325733247 0.1182842492
0 0.2796850464 0.1071980598 0.2501837162 0.1696105207
0 0.1481855493 0.1917920222 0.2282446792 0.2718385515
