0 0.5368423328 0.556405617 0.05244285699 0.05184634774
0 0.3995163747 0.5386233018 0.04145470365 0.06296544214
0 0.7641651555 0.4118470522 0.1321810103 0.04152723202
0 0.7048327515 0.3606483978 0.1427628918 0.06664359255
0 0.699164633 0.3857211231 0.1277337977 0.06521905175
0 0.5494259571 0.3718342586 0.1148566199 0.102559056
0 0.63269695 0.4039992842 0.06523379772 0.06449179841
0 0.6673488663 0.4423565674 0.09348919848 0.04357633495
0 0.7207653296 0.4811206746 0.05415836216 0.07186089281
0 0.3869550511 0.3749751173 0.0559029614 0.09312543787
0 0.2547174204 0.4146491669 0.08337386732 0.09219542934
0 0.4271155911 0.4082669477 0.07113571398 0.1032999787
0 0.3213181169 0.509525096 0.1083156792 0.08998633068
0 0.3823655036 0.5538269327 0.02354738663 0.0452618112
0 0.231811671 0.4780577957 0.0543329266 0.07936089281
0 0.7202728206 0.5673997647 0.09337282219 0.03857633495
0 0.6739646324 0.5654379322 0.1032273518 0.03244269548
0 0.5575966884 0.4811438058 0.06753013921 0.05577088854
0 0.4767389359 0.4720819626 0.09677473845 0.07735542508
0 0.4362162877 0.5038119498 0.05436202067 0.08061089281
0 0.3550530473 0.4816251066 0.07851829255 0.04465179414
0 0.3732211659 0.4564069306 0.06348919848 0.04322725334
0 0.332682403 0.4068651002 0.1170947733 0.09133814615
0 0.4815487793 0.4101342373 0.08168745623 0.07343088428
0 0.5243391974 0.3952574325 0.1310484318 0.1002481419
0 0.7895999989 0.3496593332 0.07692020881 0.08337270401
0 0.2960131517 0.5235732698 0.07442020881 0.08334361388
0 0.5886742143 0.5808092693 0.03965191626 0.03920089707
