0 0.7298377118 0.4311617516 0.1794036293 0.1417828175
0 0.07380306047 0.1688091299 0.1476061209 0.2201182597
0 0.04159170275 0.3808291156 0.08318340551 0.1816582312
0 0.1021259877 0.5263605136 0.2042519755 0.1875246578
0 0.04090306361 0.7430204886 0.08180612721 0.1627554994
0 0.09906422047 0.8535846149 0.1886353716 0.1844137305
0 0.2814665513 0.552176976 0.2427185668 0.1628737591
0 0.1538986584 0.6744137305 0.2177928403 0.1949155636
0 0.1423546711 0.2976946256 0.203584438 0.1834255565
0 0.2474905126 0.4189896828 0.2276166996 0.1601119331
0 0.3078480834 0.2424169831 0.2441956411 0.1991237591
0 0.2050085075 0.1261655636 0.2666956411 0.1995164981
0 0.1690822711 0.9281982026 0.2596582972 0.1436035948
0 0.2515578398 0.7643060558 0.2338391059 0.1901992084
0 0.3848154632 0.6559283955 0.2582279028 0.1756355851
0 0.427418366 0.4853002321 0.247565766 0.1592110344
0 0.4060834581 0.3642170367 0.2081260356 0.1722628318
0 0.3527378201 0.8598888377 0.2018760356 0.1721537377
0 0.3921446675 0.9471787198 0.2232830901 0.1056425604
0 0.471046377 0.7499993513 0.2109082972 0.1485782883
0 0.4549851676 0.1618011487 0.1946307036 0.1782728247
0 0.3806547205 0.06731247175 0.1673386917 0.1215864481
0 0.5065715253 0.04699435487 0.1443569494 0.07871552792
0 0.5731451775 0.1169553 0.1757279028 0.1741955422
0 0.6781547205 0.07250535357 0.1686905589 0.1241082669
0 0.6240948652 0.01777350616 0.1418102696 0.01621552792
0 0.7806780605 0.04302267889 0.1436438791 0.06121552792
0 0.8595161308 0.02688635584 0.1209677383 0.02584460779
0 0.8111407166 0.0935899685 0.1583340237 0.1151837162
0 0.7560431031 0.1564235776 0.1448386917 0.1211937091
0 0.6478576265 0.2020689769 0.188561098 0.1519355493
0 0.5458457494 0.2496984705 0.1901166996 0.1594573682
0 0.567080917 0.4039284847 0.1872325708 0.1806419117
0 0.5348090826 0.5666061987 0.174811098 0.1516955422
0 0.5883755256 0.6794957743 0.2049638988 0.1559691942
0 0.5352632869 0.862449387 0.1811120316 0.1530546364
0 0.591593941 0.9228498721 0.2049914925 0.125991013
0 0.6387267715 0.7791948935 0.1906026957 0.140729187
0 0.7101847596 0.8367322045 0.1626209534 0.09777099156
0 0.6825404663 0.9625894656 0.1700976134 0.06667372338
0 0.7637862126 0.9027140519 0.1989176332 0.1608601
0 0.8032015118 0.748917251 0.160426555 0.1052273539
0 0.7228523928 0.6793412987 0.1896858909 0.118229187
0 0.6945544146 0.5756490091 0.2125148324 0.1573501071
0 0.6408235007 0.4821453429 0.1584868245 0.1189337162
0 0.7714336126 0.2698976789 0.1603989613 0.1352055351
0 0.8296668604 0.360352711 0.1468802893 0.1099873468
0 0.8582141616 0.1969845406 0.1257830901 0.1133664266
0 0.8959857889 0.06817683019 0.07902375416 0.1000591299
0 0.9152907692 0.1623304786 0.06802842214 0.1061127604
0 0.8945586126 0.2720468338 0.1372877581 0.1198127961
0 0.9262107921 0.3701686704 0.1019821565 0.1117018688
0 0.8792010419 0.4494050114 0.1635377581 0.1202709916
0 0.8200478268 0.519673164 0.1213709534 0.09705097013
0 0.8333829418 0.6068427182 0.1257830901 0.1133664266
0 0.8522359003 0.804186823 0.1794821565 0.1130546364
0 0.8849322185 0.8766836597 0.1648386917 0.1215428104
0 0.9159742304 0.8209354929 0.1069312229 0.1105391442
0 0.9143613146 0.7377232175 0.1167784221 0.1069636948
0 0.8756579944 0.6745031961 0.1710886917 0.1216519045
0 0.9129828893 0.5413095763 0.1357321565 0.1122909773
0 0.9223759399 0.6177777646 0.1101209534 0.09685460065
0 0.9574162391 0.4639045977 0.05246815258 0.09210093442
0 0.6830698684 0.3202671795 0.1571073636 0.1463900786
0 0.9318995426 0.9212845941 0.06448641028 0.04984094156
