0 0.4625 0.2425 0.11375 0.15625
0 0.0925 0.9 0.184375 0.2
0 0.300625 0.945 0.16375 0.109375
0 0.456875 0.884375 0.153125 0.1925
0 0.6625 0.97 0.153125 0.059375
0 0.7825 0.921875 0.15625 0.15625
0 0.511875 0.70125 0.121875 0.21875
0 0.613125 0.84375 0.16125 0.184375
0 0.238125 0.805 0.153125 0.171875
0 0.375 0.7175 0.121875 0.203125
0 0.209375 0.634375 0.16125 0.21125
0 0.078125 0.72 0.15625 0.234375
0 0.890625 0.865625 0.14875 0.23125
0 0.7175 0.759375 0.153125 0.203125
0 0.63125 0.613125 0.1325 0.23125
0 0.46875 0.54875 0.1175 0.22375
0 0.345 0.553125 0.140625 0.18
0 0.828125 0.671875 0.140625 0.171875
0 0.943125 0.64875 0.11375 0.203125
0 0.980625 0.790625 0.03875 0.140625
0 0.738125 0.540625 0.11375 0.1875
0 0.1525 0.478125 0.14875 0.16375
0 0.046875 0.53875 0.09375 0.14875
0 0.0375 0.41 0.075 0.13
0 0.12625 0.355625 0.14875 0.145
0 0.08625 0.24375 0.121875 0.145
0 0.015625 0.2875 0.03125 0.1375
0 0.053125 0.134375 0.10625 0.125
0 0.043125 0.053125 0.08625 0.10625
0 0.140625 0.1175 0.090625 0.140625
0 0.19375 0.18 0.09875 0.125
0 0.2225 0.293125 0.121875 0.16375
0 0.25375 0.4 0.13 0.16375
0 0.41 0.4 0.153125 0.15625
0 0.56625 0.453125 0.125 0.14875
0 0.68625 0.415625 0.121875 0.18
0 0.859375 0.4925 0.125 0.15625
0 0.928125 0.445 0.090625 0.1875
0 0.793125 0.37875 0.109375 0.16875
0 0.86125 0.31625 0.07 0.14875
0 0.981875 0.36 0.03625 0.16375
0 0.935 0.271875 0.13 0.171875
0 0.78875 0.2125 0.078125 0.145
0 0.706875 0.2825 0.08625 0.171875
0 0.6 0.296875 0.121875 0.1875
0 0.49875 0.3375 0.09375 0.140625
0 0.30875 0.18 0.109375 0.1375
0 0.4075 0.134375 0.08625 0.13
0 0.25 0.084375 0.09375 0.10625
0 0.12875 0.03 0.090625 0.059375
0 0.225 0.02375 0.09875 0.046875
0 0.33 0.05875 0.09875 0.1175
0 0.4325 0.040625 0.096875 0.08125
0 0.50375 0.0975 0.09375 0.145
0 0.56375 0.165625 0.078125 0.10625
0 0.6525 0.16375 0.09375 0.10625
0 0.85125 0.171875 0.0825 0.16375
0 0.93 0.140625 0.090625 0.16375
0 0.884375 0.078125 0.0825 0.15625
0 0.79875 0.081875 0.0825 0.140625
0 0.72625 0.13125 0.09375 0.153125
0 0.60125 0.074375 0.090625 0.121875
0 0.68 0.0625 0.075 0.125
0 0.53125 0.019375 0.08625 0.03875
0 0.345 0.27375 0.121875 0.1325
0 0.984375 0.084375 0.03125 0.10625
