0 0.6219743296 0.8709174733 0.3403373125 0.1068242208
0 0.6654167285 0.4101683049 0.4268928693 0.1221098549
0 0.6235496144 0.043476138 0.3550754068 0.08695227601
0 0.6355000212 0.1097614546 0.3993928693 0.1200260296
0 0.6521944963 0.3365984192 0.4063690577 0.1055943456
0 0.6443949136 0.4900929723 0.3915873125 0.1107077135
0 0.6697639819 0.6423274629 0.4568928693 0.124383119
0 0.6701330502 0.7964563402 0.4343928693 0.122678171
0 0.6648830396 0.7178957789 0.4342619164 0.118928171
0 0.6677123337 0.1887855502 0.4568928693 0.124383119
