0 0.7873798829 0.7971661679 0.3162465007 0.3896680907
0 0.5021250681 0.8048574431 0.3732368712 0.3815871638
0 0.2175736386 0.7575778085 0.387677928 0.4579535243
0 0.07951061285 0.7051663925 0.1590212257 0.479667215
0 0.09871563916 0.6222082229 0.1974312783 0.3458735798
0 0.3318450133 0.7044082975 0.2737341722 0.4104090134
0 0.588732925 0.786986106 0.2764525849 0.4141881035
0 0.6184763606 0.59801793 0.1634452883 0.1468035883
0 0.1882993478 0.4881014309 0.1336032251 0.1277190518
0 0.3644536364 0.637823761 0.2175211576 0.3460481206
