0 0.8973828354 0.1778621721 0.1972656708 0.3557243442
0 0.7769760237 0.1960926919 0.2589520474 0.3921853839
0 0.6323033062 0.2204311328 0.2646066123 0.4408622655
0 0.4868855851 0.2377998543 0.2637711701 0.4755997085
0 0.3323001429 0.2590796724 0.2690111773 0.5181593449
0 0.189106523 0.2929512576 0.2779139091 0.5453646573
0 0.08778790324 0.3325458835 0.1729575467 0.539908233
0 0.8669012394 0.6053633774 0.2661975211 0.5678646573
0 0.7347512737 0.6471272237 0.2656102786 0.5556674639
0 0.5920299221 0.6810975877 0.2567075467 0.5462544286
0 0.4423790234 0.712463908 0.2676520831 0.5296069026
0 0.2995376682 0.739559272 0.2658347935 0.4970121832
0 0.1610058565 0.7625731183 0.2753984169 0.4727699379
0 0.1088222295 0.7846763305 0.1797656708 0.4293212684
0 0.9289851 0.5792353316 0.1420298 0.540021601
