0 0.5414463524 0.9071419875 0.186158233 0.1677940761
0 0.2810664661 0.321535715 0.2754220793 0.3083770027
0 0.1634001046 0.5534278749 0.2714841169 0.3881442502
0 0.2658974231 0.9310863246 0.1747560916 0.1325904176
0 0.4161111442 0.6990627188 0.151271601 0.1520085362
0 0.7004115497 0.7575601935 0.2363879213 0.3037250865
0 0.6458505306 0.4176043572 0.2453087114 0.3226496509
0 0.4833532121 0.04804860684 0.2017064242 0.09609721368
0 0.1298500729 0.08588423381 0.08793629942 0.04072839696
0 0.7471054264 0.1591717792 0.273793202 0.3033479087
0 0.7915442204 0.02884503587 0.2030884408 0.05769007173
0 0.8852138566 0.2190964312 0.2295722868 0.3075041805
0 0.8452343877 0.9088366748 0.1096412475 0.06369390213
0 0.9163111125 0.6778459086 0.1673777749 0.4422423339
