0 0.8206835351 0.7624622412 0.2285870891 0.1554713071
0 0.3205586269 0.1673197352 0.1660924043 0.1274382899
0 0.2990580819 0.07485915636 0.1791873071 0.1158997836
0 0.5465633971 0.1160034508 0.3043732058 0.175715818
0 0.8929117965 0.993641425 0.05491854455 0.01271715004
0 0.9278905355 0.9311725289 0.05709099593 0.06750856614
0 0.9096539828 0.8721865841 0.07544262234 0.08498228535
0 0.8735863605 0.949957667 0.06169262234 0.08402079169
0 0.8376497576 0.9962092685 0.06570997648 0.007581463016
0 0.6106384229 0.9624728457 0.1834613849 0.07505430868
0 0.7026391271 0.9390330585 0.2423317739 0.1219338829
0 0.7394353293 0.9056632565 0.2534454392 0.1886734871
0 0.8019875509 0.8558757476 0.1968130113 0.1432860943
0 0.4745706658 0.5505009975 0.9491413315 0.5387819351
