0 0.191119087 0.1524398067 0.382238174 0.2748796133
0 0.6230767795 0.09254245701 0.3563464409 0.1590430737
0 0.1445449679 0.2967372547 0.2890899357 0.3459745095
0 0.447526726 0.1906118483 0.404946548 0.36660244
0 0.7633449321 0.1529024122 0.3983101357 0.2727069549
0 0.4211398107 0.3768139796 0.3669883526 0.3392613015
0 0.1385553744 0.4672349552 0.2771107487 0.3169699105
0 0.1353276068 0.6034303983 0.2706552136 0.2793607966
0 0.1223668968 0.7276780988 0.2424592013 0.2194469155
0 0.1152691257 0.811889428 0.2088182955 0.2247148908
0 0.1197299815 0.9115739975 0.186848274 0.176852005
0 0.1119276812 0.9645865396 0.1437654922 0.07082692088
0 0.7241680455 0.2837044593 0.3468574396 0.3311793609
0 0.9089607666 0.3009624096 0.1375746221 0.1514280988
0 0.6823493364 0.4225587638 0.2935065052 0.2809017669
0 0.9121856951 0.4386260803 0.1638464409 0.1534418958
0 0.416021551 0.526741237 0.2705483097 0.2539970838
0 0.6310356237 0.5680152837 0.261121926 0.2149924848
0 0.87347475 0.5069099418 0.2400901143 0.2268741729
0 0.3765687656 0.6375250984 0.2653301214 0.2413515986
0 0.3511387156 0.733084044 0.2485346506 0.2096287719
0 0.326969575 0.8280543609 0.2330764552 0.1829423165
0 0.3120086299 0.8970292767 0.2144137305 0.1873967472
0 0.2816081448 0.9491415172 0.2006264195 0.1017169656
0 0.6048387513 0.6716810437 0.2217391799 0.1776149749
0 0.5539255237 0.7583693779 0.2213246221 0.1538649749
0 0.516707749 0.8485827963 0.2039555351 0.1608557769
0 0.4808490685 0.9297909774 0.2086937091 0.1404180451
0 0.8359296929 0.6158733601 0.2171319188 0.1999694898
0 0.7812882841 0.7012025805 0.2170446435 0.1949694898
0 0.9482987799 0.6266467758 0.08616556363 0.2124005048
0 0.9243182627 0.7466352783 0.1292391799 0.1749234998
0 0.7151459588 0.8005794593 0.1782946435 0.1938419799
0 0.6756245536 0.8794701351 0.1501837162 0.1580418117
0 0.6516049815 0.9248790874 0.1514773539 0.1502418251
0 0.8075463546 0.9164504914 0.1450964409 0.1528963265
0 0.8382336477 0.8779484022 0.1339118974 0.156318985
0 0.8707741221 0.84075087 0.1616519045 0.1708691532
0 0.9514818146 0.9100081892 0.06806096299 0.1056776781
0 0.9762682091 0.8513242436 0.02101915844 0.1305455693
