0 0.4239276998 0.1672882208 0.3453553997 0.3345764416
0 0.8418706006 0.5196443503 0.3162587988 0.472458992
0 0.9254364111 0.2061116505 0.1491271778 0.360495408
0 0.7208905046 0.1934062205 0.3565191626 0.386812441
0 0.1584621947 0.1486263669 0.2744243894 0.2972527339
0 0.9087271767 0.8108430047 0.1825456465 0.3596381248
0 0.6647107119 0.812487473 0.372129093 0.3642326144
0 0.5444280473 0.479421529 0.3527421588 0.4977208032
0 0.2472761311 0.4441187098 0.3715212529 0.4991889792
0 0.065997037 0.4449777445 0.1214038315 0.4375445109
0 0.1225873671 0.7544032144 0.2198628907 0.4261935712
0 0.3453788304 0.791196465 0.3670137619 0.4129098891
