0 0.2884990519 0.1633189006 0.2347838137 0.2811403888
0 0.4036859351 0.4226994249 0.1099484827 0.2998153518
0 0.1189534251 0.2213942933 0.2379068503 0.402968981
0 0.449600727 0.635845638 0.2003646573 0.276084438
0 0.5987195419 0.6701336032 0.1824470065 0.2205241684
0 0.5918497085 0.3802121305 0.1656875887 0.3282554965
0 0.4860460704 0.3038040404 0.1503072352 0.2403989613
0 0.4151298023 0.1723938234 0.1658755512 0.2485101644
0 0.8747975466 0.236889721 0.1970867778 0.1999363052
0 0.422221205 0.7820585012 0.128658233 0.1684868245
0 0.3017356025 0.3947219364 0.1829780252 0.2604223012
0 0.1429318709 0.6219015024 0.2858637417 0.4070712625
0 0.1294151142 0.4489059633 0.2588302284 0.3387563249
