0 0.480625 0.43625 0.046875 0.046875
0 0.615625 0.465 0.03625 0.059375
0 0.240625 0.56125 0.13 0.03125
0 0.295 0.6175 0.1375 0.055
0 0.303125 0.5925 0.121875 0.055
0 0.45125 0.61875 0.10625 0.09375
0 0.37125 0.58 0.059375 0.059375
0 0.34 0.53875 0.090625 0.03625
0 0.290625 0.49625 0.046875 0.0675
0 0.613125 0.62875 0.046875 0.090625
0 0.74875 0.6 0.075 0.08625
0 0.57625 0.5925 0.0625 0.09875
0 0.69125 0.5 0.10125 0.0825
0 0.634375 0.45125 0.02 0.04375
0 0.7775 0.53875 0.046875 0.075
0 0.29875 0.41 0.090625 0.03125
0 0.345 0.415625 0.10125 0.02375
0 0.453125 0.509375 0.0625 0.05125
0 0.5325 0.525 0.090625 0.07
0 0.57625 0.49625 0.046875 0.078125
0 0.655 0.525 0.075 0.03875
0 0.634375 0.54875 0.059375 0.03875
0 0.67 0.60125 0.109375 0.0825
0 0.521875 0.58625 0.075 0.0675
0 0.478125 0.5975 0.121875 0.090625
0 0.209375 0.62125 0.07 0.078125
0 0.7175 0.488125 0.0675 0.078125
0 0.43125 0.4075 0.03625 0.03625
