0 0.5540505498 0.3029864711 0.2105252715 0.5320854988
0 0.1501530205 0.8356003431 0.1419417007 0.3287993138
0 0.2898043675 0.7923837546 0.16997985 0.4152324907
0 0.4502588854 0.7275651819 0.2206707172 0.5448696361
0 0.6311998132 0.7976459404 0.1533589633 0.3713093093
0 0.08789228681 0.3613826968 0.1757845736 0.5627653935
0 0.2171137354 0.2939907366 0.1775089391 0.4414425893
0 0.3674555329 0.2439772418 0.1458153296 0.3633724841
0 0.7822498253 0.8408302498 0.1302262743 0.2612488336
0 0.7433338128 0.544714113 0.1343835224 0.3314672462
0 0.6934041497 0.2073177383 0.1481917007 0.3422680925
0 0.8392073207 0.1851744287 0.1240853586 0.2796348125
0 0.9002702105 0.6507624434 0.195968881 0.6074618482
